dis,ref,mos,pred
img2.bmp,studentsculpture.bmp,15.512954417537026,0.001009012262026469
img3.bmp,rapids.bmp,24.09025497677203,0.0004858672618865967
img4.bmp,dancers.bmp,68.99086164929872,0.002368205123477512
img5.bmp,churchandcapitol.bmp,74.39794796497739,0.003485684593518575
img6.bmp,dancers.bmp,69.2292141708657,0.002764105796813965
img7.bmp,churchandcapitol.bmp,53.578731920146005,0.001344248652458191
img8.bmp,stream.bmp,39.37667556675135,0.001286854346593221
img10.bmp,woman.bmp,43.42259860497224,0.0007796933253606161
img12.bmp,sailing3.bmp,34.802951811201964,0.0015862335761388142
img13.bmp,buildings.bmp,46.684096124058215,0.0012162427107493083
img14.bmp,paintedhouse.bmp,45.679490649039394,0.0013536959886550903
img15.bmp,bikes.bmp,12.692083542828538,0.0004811684290568034
img17.bmp,stream.bmp,65.23107378633902,0.001428524653116862
img18.bmp,carnivaldolls.bmp,29.392249180595478,0.0020973748630947536
img19.bmp,sailing1.bmp,3.8890621428635583,0.0017943282922108967
img21.bmp,coinsinfountain.bmp,22.461157863083844,0.00011205673217773438
img23.bmp,woman.bmp,35.59966912005858,0.000667537252108256
img26.bmp,manfishing.bmp,11.714566786308875,0.0022034992774327597
img27.bmp,house.bmp,48.4017211733363,0.0020956645409266153
img28.bmp,coinsinfountain.bmp,70.94908661426099,0.0015133321285247803
img29.bmp,buildings.bmp,63.64493591720355,0.002290189266204834
img30.bmp,building2.bmp,75.20085071703139,0.004340966542561849
img31.bmp,ocean.bmp,23.258787473568606,0.0008724729220072428
img32.bmp,rapids.bmp,76.28674666689452,0.0014511247475941975
img33.bmp,buildings.bmp,52.78563645111723,0.0012761801481246948
img34.bmp,studentsculpture.bmp,8.613511703300915,0.0009992470343907673
img37.bmp,ocean.bmp,25.85424903691081,0.0008899569511413574
img38.bmp,sailing3.bmp,65.85757417524141,0.0020235925912857056
img39.bmp,sailing4.bmp,26.96036839367697,0.0009865214427312214
img40.bmp,paintedhouse.bmp,75.7811284764878,0.0017300496498743694
img41.bmp,building2.bmp,43.696253511551454,0.0005918989578882853
img42.bmp,womanhat.bmp,54.17424655185858,0.001678978403409322
img43.bmp,sailing1.bmp,67.6967798207526,0.0022945155700047812
img44.bmp,flowersonih35.bmp,71.61970727692339,0.0038156906763712564
img45.bmp,churchandcapitol.bmp,74.14564153374138,0.003999282916386922
img46.bmp,cemetry.bmp,73.09174201136065,0.0024927357832590737
img47.bmp,house.bmp,48.08894690810563,0.002104674776395162
img48.bmp,cemetry.bmp,77.32511548366257,0.002556984623273214
img49.bmp,caps.bmp,13.501078103650578,0.0013775726159413655
img51.bmp,lighthouse.bmp,20.523073789426263,0.001728673775990804
img52.bmp,sailing4.bmp,51.01138521337987,0.0010666847229003906
img53.bmp,plane.bmp,62.47597192836157,0.0027987857659657798
img55.bmp,sailing2.bmp,46.03974281634614,0.0028711259365081787
img56.bmp,monarch.bmp,41.284025766832684,0.0012378642956415813
img58.bmp,plane.bmp,5.651469652190897,0.0027890950441360474
img59.bmp,sailing2.bmp,10.109294080950896,0.0028089284896850586
img60.bmp,studentsculpture.bmp,63.37679236401009,0.00297852357228597
img61.bmp,monarch.bmp,21.457095198446538,0.0009257445732752482
img62.bmp,sailing2.bmp,6.320751746555565,0.002808729807535807
img63.bmp,manfishing.bmp,30.07521146577485,0.0021746158599853516
img65.bmp,dancers.bmp,82.98273370788651,0.004722787274254693
img68.bmp,caps.bmp,24.82662376759264,0.0013870646556218464
img69.bmp,ocean.bmp,5.909674455410709,0.0008647143840789795
img71.bmp,stream.bmp,80.12128273704799,0.0024998982747395835
img74.bmp,lighthouse2.bmp,52.089829940493935,0.002941856781641642
img75.bmp,womanhat.bmp,11.035277608283096,0.0015758872032165527
img77.bmp,coinsinfountain.bmp,12.523344239786704,9.179115295410156e-05
img78.bmp,bikes.bmp,30.57070176854073,0.0005384683609008789
img79.bmp,carnivaldolls.bmp,79.16743675958446,0.0028731425603230796
img80.bmp,house.bmp,20.566984747213432,0.0019708027442296347
img81.bmp,rapids.bmp,44.74511025359578,0.0005608548720677694
img82.bmp,paintedhouse.bmp,11.339054336612762,0.0012213240067164104
img83.bmp,caps.bmp,42.369320360750706,0.0013983199993769329
img85.bmp,parrots.bmp,18.563119639992884,0.0015167395273844402
img86.bmp,flowersonih35.bmp,76.23532996373504,0.005411311984062195
img88.bmp,sailing1.bmp,66.04417836262543,0.0022384077310562134
img90.bmp,sailing4.bmp,11.324709943682542,0.0010100454092025757
img91.bmp,lighthouse.bmp,48.72445543811661,0.001814126968383789
img92.bmp,statue.bmp,36.65133240523328,0.000489880641301473
img94.bmp,manfishing.bmp,30.248805104886298,0.0021731356779734292
img96.bmp,parrots.bmp,32.255679814123376,0.001537938912709554
img98.bmp,cemetry.bmp,42.53855897076394,0.0009797165791193645
img99.bmp,womanhat.bmp,50.18890942469288,0.0016624232133229573
img101.bmp,parrots.bmp,10.234730985641717,0.0015153735876083374
img102.bmp,statue.bmp,6.724372369964853,0.00046797096729278564
img103.bmp,lighthouse2.bmp,10.088204403320537,0.002769927183787028
img104.bmp,woman.bmp,46.68236218261797,0.0007920364538828532
img105.bmp,monarch.bmp,7.557459980934175,0.0009200821320215861
img106.bmp,lighthouse.bmp,48.616156673907305,0.0018144845962524414
img107.bmp,building2.bmp,79.84747926885252,0.007320488492647807
img108.bmp,carnivaldolls.bmp,43.661388996745465,0.0021653837627834743
img109.bmp,sailing3.bmp,35.737358994613274,0.00158385435740153
img111.bmp,flowersonih35.bmp,15.82182560398103,0.0014058252175649006
img113.bmp,plane.bmp,12.564926162224069,0.002785374720891317
img114.bmp,lighthouse2.bmp,12.80273252847908,0.002767274777094523
img115.bmp,bikes.bmp,67.09045174168914,0.0027015358209609985
img116.bmp,statue.bmp,46.920148971869075,0.0005608101685841879
img120.bmp,ocean.bmp,40.33848092661778,0.0009287595748901367
img121.bmp,manfishing.bmp,91.37246032042904,0.006802792350451152
img122.bmp,caps.bmp,58.55909813379443,0.0014098634322484334
img124.bmp,carnivaldolls.bmp,52.154629253222005,0.0022894475195142957
img125.bmp,cemetry.bmp,25.723920038887357,0.0009414106607437134
img126.bmp,rapids.bmp,10.712712959196343,0.00047783056894938153
img127.bmp,parrots.bmp,74.95826410045794,0.002148906389872233
img129.bmp,bikes.bmp,15.242823326616554,0.0004783620436986287
img130.bmp,sailing3.bmp,42.497069418168,0.001683458685874939
img132.bmp,building2.bmp,22.538784832597894,0.0005216598510742188
img133.bmp,bikes.bmp,40.04985108989743,0.0009066164493560791
img135.bmp,rapids.bmp,84.91378457435593,0.0032134652137756348
img136.bmp,sailing1.bmp,33.81064694785772,0.0017903000116348267
img137.bmp,lighthouse2.bmp,60.61338357551887,0.00395524005095164
img138.bmp,sailing2.bmp,56.326747764812794,0.0031056602795918784
img141.bmp,sailing2.bmp,6.153192300554039,0.002810696760813395
img142.bmp,studentsculpture.bmp,43.997702747945745,0.0013558069864908855
img143.bmp,manfishing.bmp,44.77638094880946,0.00235821803410848
img144.bmp,house.bmp,65.45198981342284,0.0025506516297658286
img146.bmp,rapids.bmp,56.16123888490046,0.0007711450258890787
img148.bmp,carnivaldolls.bmp,11.469738487437949,0.0021032624774509007
img149.bmp,lighthouse.bmp,33.11179598113043,0.0017518699169158936
img150.bmp,woman.bmp,5.325990809336403,0.0006360063950220743
img152.bmp,woman.bmp,62.748811782630604,0.0014093915621439617
img154.bmp,sailing3.bmp,68.53124109916048,0.0030197054147720337
img155.bmp,woman.bmp,81.40061954776587,0.003969545165697734
img156.bmp,buildings.bmp,71.45072855297293,0.0037256727615992227
img158.bmp,parrots.bmp,62.58003608072658,0.0019247233867645264
img160.bmp,monarch.bmp,58.753804200609366,0.004961654543876648
img162.bmp,statue.bmp,12.158282195710305,0.0004868060350418091
img163.bmp,building2.bmp,49.973083632723416,0.00160503884156545
img164.bmp,lighthouse2.bmp,27.122912625267986,0.0027712086836496987
img165.bmp,dancers.bmp,31.170624384086214,0.0008858574761284722
img167.bmp,flowersonih35.bmp,53.281983698504845,0.001842498779296875
img168.bmp,coinsinfountain.bmp,53.17519436960078,0.0006963560978571574
img169.bmp,statue.bmp,62.92117133342568,0.001498386263847351
img170.bmp,dancers.bmp,50.18659635541299,0.001016696294148763
img171.bmp,studentsculpture.bmp,22.217464309979974,0.001033554474512736
img172.bmp,sailing4.bmp,85.01806693016354,0.004364897807439168
img173.bmp,plane.bmp,19.91475165122249,0.0027844756841659546
img174.bmp,lighthouse.bmp,8.059516033306664,0.0017302582661310832
img175.bmp,stream.bmp,85.48562881018704,0.007964993516604105
img176.bmp,churchandcapitol.bmp,27.91393339154686,0.00115544597307841
img177.bmp,coinsinfountain.bmp,79.8784206214237,0.004606336355209351
img178.bmp,cemetry.bmp,57.388156688584395,0.0012137840191523235
img179.bmp,house.bmp,85.22814758598726,0.003351112206776937
img181.bmp,carnivaldolls.bmp,85.99580545278485,0.004796385765075684
img182.bmp,coinsinfountain.bmp,40.352299151189534,0.00034391383330027264
img183.bmp,sailing3.bmp,6.916939669847388,0.001573185125986735
img185.bmp,sailing2.bmp,14.884889320853098,0.002840717633565267
img187.bmp,house.bmp,29.918572366378626,0.0019852916399637857
img191.bmp,womanhat.bmp,78.15701680889988,0.003515327970186869
img192.bmp,flowersonih35.bmp,36.78304689591696,0.001471102237701416
img193.bmp,caps.bmp,64.20563602792637,0.0016919920841852825
img194.bmp,churchandcapitol.bmp,71.78425770359317,0.004753381013870239
img195.bmp,womanhat.bmp,5.069478056203863,0.0015915234883626301
img196.bmp,paintedhouse.bmp,62.73568208890111,0.0015629678964614868
img197.bmp,parrots.bmp,46.32614968909792,0.001613105336825053
img198.bmp,churchandcapitol.bmp,9.47174568864986,0.0011686583360036213
img199.bmp,buildings.bmp,5.003953255961413,0.0008671532074610392
img200.bmp,manfishing.bmp,68.36853015382121,0.0034377227226893106
img201.bmp,flowersonih35.bmp,91.08313008268816,0.016049057245254517
img202.bmp,lighthouse.bmp,75.76154338417216,0.0033697932958602905
img203.bmp,plane.bmp,41.03176709784689,0.002779439091682434
img205.bmp,dancers.bmp,12.300226616537325,0.0008249613973829481
img208.bmp,monarch.bmp,48.46820552061156,0.002133434017499288
img210.bmp,paintedhouse.bmp,26.665408082124763,0.0012618104616800945
img211.bmp,lighthouse2.bmp,7.2053067303106335,0.0027707268794377646
img212.bmp,house.bmp,5.5443651518750485,0.0019344836473464966
img213.bmp,sailing1.bmp,76.06673091499994,0.002994770805040995
img214.bmp,sailing1.bmp,7.692346791817004,0.0017691701650619507
img215.bmp,paintedhouse.bmp,73.31007213059178,0.0025689899921417236
img216.bmp,building2.bmp,12.116677268629225,0.0005016823609670004
img217.bmp,stream.bmp,10.13926391720382,0.001210331916809082
img218.bmp,studentsculpture.bmp,67.96320399587412,0.005556955933570862
img219.bmp,ocean.bmp,72.24909155691115,0.0012383063634236653
img220.bmp,plane.bmp,70.83986290434612,0.00325054923693339
img221.bmp,sailing4.bmp,64.72585217139644,0.0014483829339345296
img222.bmp,buildings.bmp,31.27751399241848,0.0009199827909469604
img225.bmp,bikes.bmp,82.73289778928405,0.009424115220705668
img226.bmp,womanhat.bmp,55.52000519338216,0.0018151551485061646
img227.bmp,statue.bmp,70.88031632329826,0.0020410865545272827
img1.bmp,womanhat.bmp,52.92435457391396,0.001568103830019633
img2.bmp,churchandcapitol.bmp,33.283198045948446,0.0011557340621948242
img4.bmp,churchandcapitol.bmp,87.8267449661924,0.0019487192233403523
img8.bmp,ocean.bmp,14.344775300339105,0.0008686830600102743
img9.bmp,rapids.bmp,59.740324313494646,0.0006910910209019979
img11.bmp,statue.bmp,53.951334760512935,0.0005662689606348673
img13.bmp,statue.bmp,-0.1946068687639695,0.0004923343658447266
img14.bmp,carnivaldolls.bmp,4.3268561206949565,0.002111448182000054
img15.bmp,sailing4.bmp,41.36730112939379,0.0010232031345367432
img16.bmp,stream.bmp,47.802510847163155,0.0013674696286519368
img17.bmp,plane.bmp,4.495168881480339,0.002752984563509623
img18.bmp,monarch.bmp,47.28587171756399,0.001106088360150655
img21.bmp,churchandcapitol.bmp,50.1232463479616,0.0011784881353378296
img23.bmp,paintedhouse.bmp,79.95944789006505,0.001685003439585368
img24.bmp,caps.bmp,12.56494613089226,0.0013947337865829468
img25.bmp,plane.bmp,35.4156346289015,0.002736315131187439
img27.bmp,flowersonih35.bmp,34.315394671086715,0.0015001048644383748
img29.bmp,bikes.bmp,63.69072946989886,0.0011079361041386921
img30.bmp,ocean.bmp,6.601376948035168,0.0008655885855356852
img32.bmp,parrots.bmp,33.49425871523598,0.0015786439180374146
img33.bmp,manfishing.bmp,42.614722076241115,0.002133826414744059
img35.bmp,rapids.bmp,75.29290636099797,0.0009331852197647095
img36.bmp,building2.bmp,72.05750190482459,0.000974451502164205
img37.bmp,sailing4.bmp,64.6263889750084,0.0011942933003107707
img38.bmp,sailing3.bmp,18.02857959226172,0.0016242613395055134
img39.bmp,dancers.bmp,50.40120766199397,0.001005603207482232
img40.bmp,plane.bmp,12.654106278200905,0.002732763687769572
img41.bmp,dancers.bmp,59.87396522983406,0.001283215151892768
img43.bmp,buildings.bmp,41.47905246219578,0.0011743058760960896
img44.bmp,lighthouse.bmp,38.188770593920424,0.0017897536357243855
img45.bmp,studentsculpture.bmp,34.439397588231365,0.001080458362897237
img46.bmp,cemetry.bmp,72.81442149222269,0.0013446112473805745
img47.bmp,sailing4.bmp,48.5281572537932,0.0010510583718617756
img49.bmp,coinsinfountain.bmp,32.754563027118,0.00017886857191721597
img50.bmp,house.bmp,57.08857633912255,0.0022005289793014526
img51.bmp,house.bmp,28.94499560527225,0.002044255534807841
img53.bmp,studentsculpture.bmp,10.226303647528617,0.0010161300500233967
img55.bmp,cemetry.bmp,33.240480634782365,0.0009578814109166464
img56.bmp,paintedhouse.bmp,32.009866412702586,0.0015565653642018635
img57.bmp,lighthouse.bmp,-2.640015016409613,0.0017298559347788494
img58.bmp,woman.bmp,10.554131539493454,0.0006423890590667725
img59.bmp,studentsculpture.bmp,33.58553766172936,0.001074304183324178
img60.bmp,building2.bmp,45.8290134752761,0.0006798754135767618
img61.bmp,dancers.bmp,9.1741835265355,0.0008424984084235297
img62.bmp,building2.bmp,67.8377118059761,0.000974451502164205
img63.bmp,caps.bmp,30.00260877004913,0.0013875563939412434
img64.bmp,lighthouse2.bmp,3.2142639437019938,0.0027844607830047607
img65.bmp,woman.bmp,53.38597873417673,0.0008271982272466024
img67.bmp,sailing2.bmp,21.662276200071243,0.0028398682673772178
img69.bmp,lighthouse2.bmp,48.86921270308122,0.00290695329507192
img70.bmp,statue.bmp,-0.12771347553550072,0.0004937748114267985
img71.bmp,sailing1.bmp,16.917691044533527,0.0018036713202794392
img72.bmp,parrots.bmp,12.004960528290615,0.0015369802713394165
img73.bmp,coinsinfountain.bmp,36.604170671940494,0.00020900368690490723
img74.bmp,flowersonih35.bmp,5.51411590094478,0.00140895942846934
img75.bmp,house.bmp,51.396037516206206,0.002247855067253113
img77.bmp,bikes.bmp,53.2796828380246,0.0008162111043930054
img78.bmp,cemetry.bmp,72.32423365260935,0.0013446112473805745
img79.bmp,flowersonih35.bmp,89.53004585169111,0.0025398830572764077
img80.bmp,carnivaldolls.bmp,67.77811693105684,0.0023847023646036782
img81.bmp,bikes.bmp,43.03955573949191,0.0006564011176427206
img83.bmp,sailing3.bmp,28.507933641096496,0.0016361474990844727
img84.bmp,buildings.bmp,46.14680872343399,0.0011743058760960896
img85.bmp,stream.bmp,64.18240178201884,0.0013851821422576904
img86.bmp,lighthouse.bmp,42.57624280517876,0.0018103023370107014
img89.bmp,womanhat.bmp,36.28464855780785,0.0016077558199564617
img90.bmp,buildings.bmp,42.04320025216914,0.0011743058760960896
img91.bmp,paintedhouse.bmp,78.97568682896501,0.001685003439585368
img92.bmp,manfishing.bmp,48.374698862001935,0.0022435287634531655
img93.bmp,manfishing.bmp,58.58968413933341,0.0023215264081954956
img94.bmp,monarch.bmp,14.62195076567486,0.0009226749340693156
img96.bmp,monarch.bmp,3.9212125972238567,0.0009153038263320923
img97.bmp,lighthouse2.bmp,5.308643571535106,0.0027805864810943604
img98.bmp,ocean.bmp,19.871604986952036,0.0008706549803415934
img99.bmp,sailing2.bmp,42.27140041690989,0.0029165148735046387
img100.bmp,stream.bmp,81.2026938220347,0.0014558583498001099
img101.bmp,coinsinfountain.bmp,10.252515880885852,0.00010426839192708333
img102.bmp,sailing1.bmp,14.726130517984881,0.0018000106016794841
img103.bmp,parrots.bmp,37.78061796136218,0.0015920052925745647
img104.bmp,carnivaldolls.bmp,67.40278120147042,0.0023847023646036782
img105.bmp,caps.bmp,33.96635629198161,0.0013971775770187378
img106.bmp,sailing1.bmp,3.2197367648266635,0.001785998543103536
img107.bmp,womanhat.bmp,25.838179142983087,0.001592030127843221
img108.bmp,sailing3.bmp,53.61612003847755,0.0018070191144943237
img110.bmp,rapids.bmp,40.31319279513049,0.0005919883648554484
img111.bmp,sailing2.bmp,36.93677274719239,0.0028340021769205728
img116.bmp,woman.bmp,8.406881996436613,0.0006399154663085938
img117.bmp,cemetry.bmp,24.492692678265385,0.0009358823299407959
img119.bmp,dancers.bmp,36.46779215661733,0.0008769896295335558
img120.bmp,house.bmp,13.720589197831565,0.0020012358824412027
img121.bmp,sailing1.bmp,46.66155445738275,0.0017661452293395996
img124.bmp,sailing2.bmp,91.8585232966015,0.003545572360356649
img126.bmp,caps.bmp,91.83072941409384,0.0027650296688079834
img127.bmp,studentsculpture.bmp,90.06909938102646,0.0022160162528355918
img128.bmp,cemetry.bmp,52.32392778595445,0.0010891904433568318
img129.bmp,coinsinfountain.bmp,76.55613665524052,0.0004753867785135905
img130.bmp,statue.bmp,11.018019466557467,0.0005008280277252197
img131.bmp,lighthouse.bmp,89.84228100588447,0.003131002187728882
img132.bmp,churchandcapitol.bmp,11.715638159970881,0.001140698790550232
img134.bmp,flowersonih35.bmp,72.35535092106369,0.0018641302982966106
img135.bmp,manfishing.bmp,8.62310279882778,0.002166604002316793
img137.bmp,stream.bmp,9.808299742983456,0.0012266884247461955
img138.bmp,womanhat.bmp,94.52975239220281,0.0029099732637405396
img141.bmp,lighthouse2.bmp,14.731573993200831,0.0027922441562016806
img143.bmp,ocean.bmp,6.837113454327478,0.0008625835180282593
img144.bmp,sailing2.bmp,8.547930933970449,0.002820958693822225
img145.bmp,sailing3.bmp,100.24091440063673,0.0028311163187026978
img146.bmp,rapids.bmp,26.185666958535705,0.0005362878243128458
img147.bmp,house.bmp,100.91708991281492,0.002888346711794535
img148.bmp,manfishing.bmp,92.90511853394918,0.0021849175294240317
img149.bmp,parrots.bmp,63.468634087583865,0.0016761074463526409
img150.bmp,woman.bmp,27.26197443015057,0.0006495962540308634
img151.bmp,house.bmp,8.066866303180433,0.001991723974545797
img152.bmp,paintedhouse.bmp,55.044428947894275,0.001618082324663798
img154.bmp,womanhat.bmp,97.50877362944289,0.0027448832988739014
img156.bmp,ocean.bmp,59.64918850292218,0.000902379552523295
img157.bmp,buildings.bmp,13.703159478546445,0.0008901456991831461
img159.bmp,caps.bmp,91.34350033825855,0.0027650296688079834
img160.bmp,house.bmp,95.51848457226141,0.002888346711794535
img161.bmp,lighthouse.bmp,90.43420904041339,0.0030384262402852378
img162.bmp,buildings.bmp,88.14234661943544,0.002151747544606527
img163.bmp,buildings.bmp,28.82198937397437,0.0009379486242930094
img164.bmp,ocean.bmp,108.77257436149551,0.002012545863787333
img165.bmp,plane.bmp,58.33517061917775,0.002720420559247335
img166.bmp,sailing4.bmp,95.0385986077363,0.0019825994968414307
img167.bmp,woman.bmp,75.99002346051728,0.0010666102170944214
img168.bmp,womanhat.bmp,11.312092615683751,0.0015785197416941326
img170.bmp,monarch.bmp,83.55329291418636,0.0020580440759658813
img171.bmp,building2.bmp,18.143107738796367,0.0005050102869669596
img174.bmp,manfishing.bmp,19.465821038563053,0.0022094796101252237
img175.bmp,sailing1.bmp,70.5024438489717,0.0020079612731933594
img176.bmp,carnivaldolls.bmp,90.00784725087408,0.002729316552480062
img177.bmp,sailing2.bmp,89.89062469317183,0.003482361634572347
img178.bmp,monarch.bmp,25.22278582613156,0.0009345511595408121
img180.bmp,studentsculpture.bmp,91.24663994961544,0.0022160162528355918
img181.bmp,lighthouse2.bmp,78.16782270134613,0.002980003754297892
img183.bmp,bikes.bmp,84.88609788754107,0.0018835316101710002
img184.bmp,coinsinfountain.bmp,92.5252089512462,0.0007897913455963135
img185.bmp,stream.bmp,26.71821304692204,0.001262788971265157
img186.bmp,dancers.bmp,89.23441705756257,0.00167263216442532
img187.bmp,dancers.bmp,91.61747826509418,0.00167263216442532
img188.bmp,bikes.bmp,83.0335894331227,0.0016760677099227905
img192.bmp,building2.bmp,93.03653291816838,0.0012944986422856648
img194.bmp,ocean.bmp,34.60644513743412,0.000870207945505778
img195.bmp,churchandcapitol.bmp,97.24677520689924,0.002948125203450521
img196.bmp,parrots.bmp,91.59067046472401,0.002338637908299764
img197.bmp,sailing4.bmp,94.63456567363843,0.0019825994968414307
img198.bmp,flowersonih35.bmp,16.644122962021108,0.001432935396830241
img199.bmp,rapids.bmp,95.80804387069,0.0011852880318959553
img200.bmp,studentsculpture.bmp,63.30761338204381,0.001145288348197937
img201.bmp,plane.bmp,88.92048271630968,0.0032553871472676596
img203.bmp,bikes.bmp,28.5502551905385,0.0005653748909632365
img204.bmp,buildings.bmp,89.6422329700044,0.0020669599374135337
img205.bmp,building2.bmp,88.22093282138451,0.0012734134991963704
img206.bmp,sailing3.bmp,11.739931694595015,0.001604388157526652
img207.bmp,caps.bmp,70.02463837460914,0.0016944756110509236
img209.bmp,monarch.bmp,88.77366918617132,0.0020580440759658813
img210.bmp,sailing1.bmp,97.4281023182101,0.0028521716594696045
img213.bmp,cemetry.bmp,85.98716482193281,0.0021929492553075156
img214.bmp,sailing4.bmp,14.430548416582262,0.001010666290918986
img215.bmp,paintedhouse.bmp,102.70082156574152,0.0018134961525599163
img216.bmp,carnivaldolls.bmp,20.934069322543586,0.0021054744720458984
img217.bmp,stream.bmp,101.27286341299556,0.0023020307223002114
img218.bmp,statue.bmp,92.65269870718299,0.0011792282263437908
img220.bmp,woman.bmp,88.66925863108537,0.0012710193792978923
img221.bmp,statue.bmp,93.81353439730438,0.0011792282263437908
img223.bmp,sailing3.bmp,99.9719981674867,0.0028311163187026978
img225.bmp,building2.bmp,32.713131566176116,0.0005225886901219686
img226.bmp,bikes.bmp,17.780629548804892,0.0005358407894770304
img228.bmp,paintedhouse.bmp,15.783100447893545,0.0013903528451919556
img229.bmp,flowersonih35.bmp,73.10480214469187,0.0017722149689992268
img230.bmp,coinsinfountain.bmp,90.88434462872809,0.0007897913455963135
img231.bmp,lighthouse.bmp,13.033490455438153,0.001733402411142985
img232.bmp,lighthouse2.bmp,93.19974618228805,0.004068141182263692
img233.bmp,parrots.bmp,87.78082391853037,0.002338637908299764
img1.bmp,monarch.bmp,29.046539717856692,0.0009309351444244385
img2.bmp,stream.bmp,64.7619409950328,0.0026414096355438232
img3.bmp,womanhat.bmp,44.781930707656905,0.0016141931215922038
img4.bmp,buildings.bmp,105.36416799729716,0.05763368805249532
img5.bmp,sailing3.bmp,18.148429410111877,0.0015874107678731282
img6.bmp,lighthouse2.bmp,28.910343961732284,0.0028085559606552124
img7.bmp,woman.bmp,67.62651762533173,0.004293128848075867
img8.bmp,coinsinfountain.bmp,15.537140817336704,9.621183077494304e-05
img9.bmp,cemetry.bmp,63.02744749154707,0.003248895208040873
img10.bmp,plane.bmp,33.4482460351677,0.002712562680244446
img11.bmp,womanhat.bmp,23.03858179465982,0.0015832583109537761
img12.bmp,sailing2.bmp,46.191362019861835,0.002854426701863607
img13.bmp,churchandcapitol.bmp,21.927888248041906,0.0011681268612543743
img14.bmp,carnivaldolls.bmp,14.775415943838567,0.002100017335679796
img15.bmp,dancers.bmp,93.91355403240952,0.03847720225652059
img16.bmp,studentsculpture.bmp,40.79594818906652,0.0010430167118708293
img17.bmp,monarch.bmp,51.40668483117005,0.0014223406712214153
img18.bmp,churchandcapitol.bmp,35.32176832792063,0.0011781702438990276
img19.bmp,studentsculpture.bmp,13.494986288484716,0.001001382867495219
img20.bmp,churchandcapitol.bmp,111.7746935263145,0.06474503874778748
img21.bmp,ocean.bmp,61.68100151802293,0.0014465699593226116
img22.bmp,parrots.bmp,29.05160906556435,0.001522873838742574
img23.bmp,cemetry.bmp,109.62708401221435,0.05007581412792206
img24.bmp,coinsinfountain.bmp,94.03481633826048,0.04727275172869364
img25.bmp,statue.bmp,49.834234045635604,0.0008533298969268799
img26.bmp,paintedhouse.bmp,61.62614194844081,0.002214685082435608
img27.bmp,dancers.bmp,47.72741274693893,0.0010126762919955784
img28.bmp,womanhat.bmp,58.410455839845966,0.0019141435623168945
img29.bmp,bikes.bmp,74.63568549300159,0.012991994619369507
img30.bmp,dancers.bmp,33.19702721082979,0.0008350345823499891
img31.bmp,coinsinfountain.bmp,27.514599031681424,0.00010988116264343262
img32.bmp,lighthouse2.bmp,60.279653917465154,0.00510669747988383
img33.bmp,woman.bmp,102.7236854663197,0.04181582232316335
img34.bmp,monarch.bmp,94.4100904010743,0.03653788069883982
img35.bmp,woman.bmp,38.08779776015425,0.0006566395362218221
img36.bmp,building2.bmp,71.21218202942677,0.010488266746203104
img37.bmp,manfishing.bmp,28.61718835941552,0.0022076666355133057
img38.bmp,house.bmp,66.53165048509287,0.00456090768178304
img39.bmp,paintedhouse.bmp,71.76021293669349,0.008177856604258219
img40.bmp,lighthouse.bmp,48.059938845028476,0.001806110143661499
img41.bmp,manfishing.bmp,100.23878414456692,0.08968834082285564
img42.bmp,ocean.bmp,107.65033077751622,0.04373186330000559
img43.bmp,lighthouse.bmp,20.295948373068647,0.0017274916172027588
img44.bmp,studentsculpture.bmp,72.84561785296995,0.012393439809481302
img45.bmp,cemetry.bmp,26.989633874164532,0.0009185224771499634
img46.bmp,buildings.bmp,37.34149613580173,0.001005217432975769
img47.bmp,carnivaldolls.bmp,104.4080160510155,0.07928111818101671
img48.bmp,building2.bmp,34.5029166994517,0.0005594094594319662
img49.bmp,flowersonih35.bmp,75.24580813266999,0.007788260777791341
img50.bmp,dancers.bmp,79.43613206888192,0.02092580000559489
img51.bmp,dancers.bmp,73.83502971471134,0.007162822617424859
img52.bmp,sailing1.bmp,97.51209513726755,0.04778322080771128
img53.bmp,flowersonih35.bmp,95.34370094075176,0.028754939635594685
img54.bmp,house.bmp,20.5274846951256,0.0019318163394927979
img55.bmp,statue.bmp,36.47563691526853,0.0005017767349878947
img56.bmp,sailing1.bmp,35.64458484067259,0.0017715344826380413
img57.bmp,studentsculpture.bmp,97.69957653577356,0.03261189659436544
img58.bmp,sailing3.bmp,106.3698573635383,0.0604317436615626
img59.bmp,manfishing.bmp,11.037306278232426,0.00219683845837911
img60.bmp,womanhat.bmp,97.6569824141498,0.04313388963540395
img61.bmp,buildings.bmp,78.47085391287106,0.027398476998011272
img62.bmp,churchandcapitol.bmp,62.92970737500086,0.002353176474571228
img63.bmp,cemetry.bmp,41.035510546118466,0.0009518365065256754
img64.bmp,caps.bmp,18.611094569023106,0.00136891504128774
img65.bmp,cemetry.bmp,70.94998870953438,0.00827440619468689
img66.bmp,lighthouse.bmp,99.45910509660351,0.0516399492820104
img67.bmp,parrots.bmp,47.448425404325114,0.001600906252861023
img68.bmp,bikes.bmp,45.8290789858312,0.0007582157850265503
img69.bmp,parrots.bmp,61.6158088994382,0.0024106105168660483
img70.bmp,house.bmp,41.31695798429712,0.001984785000483195
img71.bmp,carnivaldolls.bmp,63.45931896527788,0.0033304691314697266
img72.bmp,flowersonih35.bmp,45.00432810746642,0.0014965335528055828
img73.bmp,manfishing.bmp,69.02754430690878,0.007042015592257182
img74.bmp,rapids.bmp,54.62805994606418,0.0011380016803741455
img75.bmp,parrots.bmp,15.271352054362955,0.001510550578435262
img76.bmp,sailing1.bmp,20.007483290527425,0.0017857998609542847
img77.bmp,rapids.bmp,94.20486814584288,0.03806746006011963
img78.bmp,plane.bmp,15.388646901982973,0.002746457854906718
img79.bmp,sailing1.bmp,55.06753054284376,0.002304797371228536
img80.bmp,caps.bmp,97.26947157983709,0.05090810855229696
img81.bmp,sailing2.bmp,21.61052934761817,0.0028038968642552695
img82.bmp,monarch.bmp,21.19528302848048,0.0009192178646723429
img83.bmp,house.bmp,71.54037129415151,0.010058527191480001
img84.bmp,sailing3.bmp,31.24987494201788,0.0016030073165893555
img85.bmp,statue.bmp,13.666943331193623,0.00046852727731068927
img86.bmp,sailing4.bmp,57.39305471032276,0.0018688291311264038
img87.bmp,bikes.bmp,105.10166413396246,0.043537437915802
img88.bmp,stream.bmp,39.10614097745931,0.00123309592405955
img89.bmp,sailing3.bmp,57.538603283146436,0.0021304388840993247
img90.bmp,carnivaldolls.bmp,39.71346655802711,0.0020961364110310874
img91.bmp,statue.bmp,67.19437758924813,0.003746663530667623
img92.bmp,coinsinfountain.bmp,69.06535116986018,0.00575333833694458
img93.bmp,churchandcapitol.bmp,73.54583611585835,0.008012110988299051
img94.bmp,paintedhouse.bmp,106.81758994591208,0.04302274684111277
img95.bmp,bikes.bmp,23.508406616286702,0.0005091329415639242
img96.bmp,lighthouse.bmp,69.26005385452565,0.00500983993212382
img97.bmp,bikes.bmp,65.70698388517809,0.008126253883043924
img98.bmp,woman.bmp,13.266839820800245,0.0006286948919296265
img99.bmp,ocean.bmp,12.13783390983034,0.0008695026238759359
img100.bmp,sailing4.bmp,38.59568763401872,0.001042783260345459
img101.bmp,rapids.bmp,11.166482886698198,0.000479087233543396
img102.bmp,building2.bmp,50.194325232236274,0.0008637557427088419
img103.bmp,buildings.bmp,22.88487105130493,0.0008998215198516846
img104.bmp,parrots.bmp,99.6615285081197,0.052821154395739235
img105.bmp,plane.bmp,93.86859240789695,0.054619659980138145
img106.bmp,stream.bmp,77.63344919424672,0.007215018073717753
img107.bmp,rapids.bmp,33.63370982301589,0.000510940949122111
img108.bmp,lighthouse2.bmp,55.535575649060156,0.003679285446802775
img109.bmp,house.bmp,58.66034224093096,0.0028796146313349404
img110.bmp,caps.bmp,51.67024428176386,0.0014934539794921875
img111.bmp,paintedhouse.bmp,43.29801630982693,0.0013514111439387004
img112.bmp,studentsculpture.bmp,62.69095740904541,0.00370769202709198
img113.bmp,sailing2.bmp,97.92469225647717,0.05034807324409485
img114.bmp,lighthouse.bmp,35.707955518206724,0.0017610490322113037
img115.bmp,woman.bmp,57.98572759381551,0.0018528550863265991
img116.bmp,rapids.bmp,67.4653416344695,0.006722594300905864
img117.bmp,sailing2.bmp,28.79734485795999,0.0028165231148401895
img118.bmp,ocean.bmp,37.944107183148475,0.0008978495995203654
img119.bmp,womanhat.bmp,65.07828999287852,0.0026152729988098145
img120.bmp,ocean.bmp,69.44972429947218,0.0037932395935058594
img121.bmp,building2.bmp,76.0908192258521,0.020235831538836162
img122.bmp,flowersonih35.bmp,70.58976221156999,0.005435079336166382
img123.bmp,sailing3.bmp,63.306300492801284,0.003803044557571411
img124.bmp,coinsinfountain.bmp,61.46371806749249,0.0016354024410247803
img125.bmp,lighthouse2.bmp,15.99846593228188,0.0027820616960525513
img126.bmp,sailing4.bmp,63.70334289249129,0.0028361529111862183
img127.bmp,sailing4.bmp,15.147108587135826,0.0010098119576772053
img128.bmp,sailing2.bmp,62.99129769303974,0.0036775519450505576
img129.bmp,plane.bmp,64.69701933079591,0.004055644075075786
img130.bmp,buildings.bmp,70.50327694656923,0.014572501182556152
img131.bmp,stream.bmp,89.07333452953819,0.01465843121210734
img132.bmp,caps.bmp,38.08510135616129,0.0013924191395441692
img133.bmp,flowersonih35.bmp,13.772809998423078,0.0014040122429529827
img134.bmp,sailing4.bmp,70.6450297294693,0.011612494786580404
img135.bmp,carnivaldolls.bmp,67.63968110982358,0.005717602041032579
img136.bmp,building2.bmp,106.17335732260668,0.043962384263674416
img137.bmp,lighthouse2.bmp,102.01544839638245,0.052575444181760154
img138.bmp,stream.bmp,22.149317346230504,0.0012011130650838215
img139.bmp,plane.bmp,52.698631554354684,0.002795909841855367
img140.bmp,monarch.bmp,65.20626170587539,0.0036638478438059487
img141.bmp,sailing1.bmp,64.80613405230143,0.004116564989089966
img142.bmp,paintedhouse.bmp,23.36593263189477,0.0012539376815160115
img143.bmp,manfishing.bmp,61.988534064946954,0.0035161574681599936
img144.bmp,caps.bmp,63.45183048855342,0.0023523767789204917
img145.bmp,statue.bmp,98.27070283202306,0.0382473369439443
img1.bmp,caps.bmp,42.12776536144956,0.001557101806004842
img2.bmp,churchandcapitol.bmp,37.46272032254694,0.008117745320002237
img3.bmp,monarch.bmp,43.26456018535141,0.007151558995246887
img4.bmp,lighthouse.bmp,19.510097084325167,0.0019707977771759033
img5.bmp,plane.bmp,72.82942220542719,0.013488466540972391
img6.bmp,carnivaldolls.bmp,54.79584980310996,0.005528860621982151
img7.bmp,buildings.bmp,28.45923879344707,0.007458234826723735
img8.bmp,building2.bmp,28.18091287230873,0.004215985536575317
img9.bmp,rapids.bmp,23.835066695034218,0.0009620090325673422
img10.bmp,sailing2.bmp,89.72374712250675,0.01484602689743042
img11.bmp,monarch.bmp,83.26954044809331,0.021373391151428223
img12.bmp,parrots.bmp,23.747800588472252,0.0018118321895599365
img13.bmp,cemetry.bmp,30.514445202895608,0.0025383979082107544
img14.bmp,manfishing.bmp,33.317365184485546,0.004328663150469462
img15.bmp,lighthouse.bmp,43.371393473652745,0.008406514922777811
img16.bmp,manfishing.bmp,63.38193548306186,0.01028837263584137
img17.bmp,rapids.bmp,88.2534145757322,0.01577378312746684
img18.bmp,stream.bmp,32.28879443889066,0.0048891156911849976
img19.bmp,coinsinfountain.bmp,53.1730822979176,0.004209165771802266
img20.bmp,studentsculpture.bmp,41.4683726766827,0.005871469775835673
img21.bmp,dancers.bmp,39.157564151102406,0.006074150403340657
img22.bmp,coinsinfountain.bmp,47.539839513629076,0.003295461336771647
img23.bmp,paintedhouse.bmp,19.81956588915427,0.0020918051401774087
img24.bmp,lighthouse.bmp,93.40865465910048,0.02394716441631317
img25.bmp,building2.bmp,60.859089080309566,0.021204421917597454
img26.bmp,bikes.bmp,43.117522915460356,0.006559203068415324
img27.bmp,carnivaldolls.bmp,32.455334690240214,0.003264778190188938
img28.bmp,caps.bmp,22.96359302071471,0.001353164513905843
img29.bmp,rapids.bmp,29.707112621076355,0.001839826504389445
img30.bmp,plane.bmp,50.782891102956455,0.00652561088403066
img31.bmp,parrots.bmp,52.1680931480972,0.003270268440246582
img32.bmp,coinsinfountain.bmp,20.42170138535499,0.00044214725494384766
img33.bmp,building2.bmp,37.06966908699679,0.00748764971892039
img34.bmp,rapids.bmp,46.758614937312146,0.0027521848678588867
img35.bmp,sailing1.bmp,29.946921048434998,0.00302805503209432
img36.bmp,womanhat.bmp,49.3887315611896,0.004562581578890483
img37.bmp,monarch.bmp,55.798596971221905,0.010969782869021097
img38.bmp,studentsculpture.bmp,49.57258124925822,0.008547335863113403
img39.bmp,paintedhouse.bmp,35.163418897152994,0.004191587368647258
img40.bmp,bikes.bmp,59.72797575732214,0.013920143246650696
img41.bmp,dancers.bmp,64.24080369440135,0.01770084434085422
img42.bmp,womanhat.bmp,37.61345259412877,0.0038627833127975464
img43.bmp,sailing2.bmp,41.362983897295436,0.003870402773221334
img44.bmp,studentsculpture.bmp,26.588236919388127,0.002993697921435038
img45.bmp,buildings.bmp,21.680338672475234,0.003005281090736389
img46.bmp,sailing1.bmp,21.371735741278783,0.0024493038654327393
img47.bmp,manfishing.bmp,48.37779845595415,0.0063324421644210815
img48.bmp,sailing2.bmp,57.040994158487464,0.007226799925168355
img49.bmp,house.bmp,35.511076424494355,0.0040595630804697675
img50.bmp,stream.bmp,46.66501375774308,0.0074322571357091265
img51.bmp,dancers.bmp,21.90766424535399,0.0022795067893134225
img52.bmp,carnivaldolls.bmp,68.54058128580095,0.00814598798751831
img53.bmp,lighthouse2.bmp,59.567814555450866,0.00843962033589681
img54.bmp,statue.bmp,59.07594073978924,0.004250978430112203
img55.bmp,lighthouse2.bmp,50.30002190258614,0.0072693973779678345
img56.bmp,parrots.bmp,37.036638061343275,0.0023279736439387
img57.bmp,ocean.bmp,53.61327167321998,0.0016226271788279216
img58.bmp,stream.bmp,72.8739493156902,0.015401298801104227
img59.bmp,carnivaldolls.bmp,43.22494778304786,0.004326469368404812
img60.bmp,bikes.bmp,20.19888494169012,0.0017184515794118245
img61.bmp,womanhat.bmp,26.8104249250671,0.0028401861588160195
img62.bmp,buildings.bmp,33.289587739887395,0.008752480149269104
img63.bmp,plane.bmp,18.638782031279455,0.0031185348828633628
img64.bmp,woman.bmp,38.730110284620814,0.002890750765800476
img65.bmp,flowersonih35.bmp,41.545771647487356,0.007899592320124308
img66.bmp,churchandcapitol.bmp,58.912491454882996,0.016319985191027325
img67.bmp,manfishing.bmp,22.83897810739422,0.002758363882700602
img68.bmp,woman.bmp,64.7162926008737,0.006220991412798564
img69.bmp,parrots.bmp,79.75902400389953,0.007516254981358846
img70.bmp,caps.bmp,75.36497201033434,0.005091845989227295
img71.bmp,stream.bmp,20.38173195806504,0.0014532655477523804
img72.bmp,sailing2.bmp,47.86237098807869,0.004939839243888855
img73.bmp,buildings.bmp,60.10697150963521,0.025242383281389873
img74.bmp,sailing1.bmp,40.949530324420536,0.0044583926598231
img75.bmp,lighthouse2.bmp,42.418404613662226,0.006373678644498189
img76.bmp,sailing4.bmp,40.31616322660909,0.003117615977923075
img77.bmp,statue.bmp,40.772537684251255,0.002668723464012146
img78.bmp,manfishing.bmp,67.58397974933878,0.011705413460731506
img79.bmp,sailing3.bmp,38.20797002000904,0.0032683114210764566
img80.bmp,building2.bmp,42.393658246536816,0.010830278197924295
img81.bmp,paintedhouse.bmp,46.51061125048729,0.00591971476872762
img82.bmp,womanhat.bmp,21.322050993497648,0.0020618587732315063
img83.bmp,cemetry.bmp,64.73522264796104,0.021745145320892334
img84.bmp,sailing2.bmp,26.21419093598192,0.0030719836552937827
img85.bmp,flowersonih35.bmp,56.26738404397514,0.011032486955324808
img86.bmp,plane.bmp,37.33774883126228,0.004704033335049947
img87.bmp,flowersonih35.bmp,38.07307012751651,0.006062711278597514
img88.bmp,caps.bmp,65.58275601959906,0.0028752883275349936
img89.bmp,sailing4.bmp,30.699919723279706,0.002260501186052958
img90.bmp,flowersonih35.bmp,20.69642513725109,0.0019181470076243083
img91.bmp,churchandcapitol.bmp,48.86374565914097,0.012743353843688965
img92.bmp,ocean.bmp,22.85851059949997,0.000962639848391215
img93.bmp,dancers.bmp,45.65407108816057,0.0067224568790859645
img94.bmp,house.bmp,24.308644535333123,0.0023286044597625732
img95.bmp,carnivaldolls.bmp,17.156424264142174,0.002319176991780599
img96.bmp,monarch.bmp,21.419440237228148,0.0028068125247955322
img97.bmp,lighthouse.bmp,52.89921636764908,0.011049990852673849
img98.bmp,statue.bmp,26.937979341146512,0.001544480522473653
img99.bmp,woman.bmp,59.437682432751856,0.005356267094612122
img100.bmp,studentsculpture.bmp,55.990997227875106,0.01047054926554362
img101.bmp,coinsinfountain.bmp,26.079483169620147,0.0012664000193277996
img102.bmp,lighthouse.bmp,33.02457411335329,0.005205944180488586
img103.bmp,monarch.bmp,41.62202095479563,0.006479218602180481
img104.bmp,churchandcapitol.bmp,90.83144264010387,0.0383109450340271
img105.bmp,parrots.bmp,69.29558963921917,0.004807829856872559
img106.bmp,ocean.bmp,27.43814252019736,0.0011598716179529827
img107.bmp,flowersonih35.bmp,73.06324854706611,0.02243073284626007
img108.bmp,studentsculpture.bmp,20.98121105422193,0.0018597841262817383
img109.bmp,cemetry.bmp,43.64868973704411,0.006762181719144185
img110.bmp,paintedhouse.bmp,43.59300169983794,0.005387524763743083
img111.bmp,sailing3.bmp,25.460838626161923,0.002105842034022013
img112.bmp,bikes.bmp,29.841330546597327,0.00372291107972463
img113.bmp,house.bmp,45.10971717685528,0.005227391918500264
img114.bmp,sailing3.bmp,52.28325784113922,0.004373868306477864
img115.bmp,caps.bmp,57.78121193545228,0.0018798112869262695
img116.bmp,paintedhouse.bmp,86.27444720136724,0.013142372171084086
img117.bmp,ocean.bmp,84.55564220108053,0.003058051069577535
img118.bmp,lighthouse2.bmp,70.26112633028697,0.011136526862780253
img119.bmp,ocean.bmp,40.38463431058607,0.001379321018854777
img120.bmp,statue.bmp,71.84453613923938,0.006523817777633667
img121.bmp,sailing4.bmp,74.66704277991492,0.008216515183448792
img122.bmp,house.bmp,38.00905599942657,0.004255210359891255
img123.bmp,coinsinfountain.bmp,61.34681958598289,0.006972576181093852
img124.bmp,sailing3.bmp,64.71710859945146,0.006057639916737874
img125.bmp,sailing1.bmp,68.01663301489151,0.008013159036636353
img126.bmp,stream.bmp,36.500022232692096,0.005648300051689148
img127.bmp,sailing4.bmp,53.3056408516122,0.004349619150161743
img128.bmp,dancers.bmp,58.029157650362365,0.011994547314114042
img129.bmp,bikes.bmp,29.31846908583694,0.004142666856447856
img130.bmp,sailing1.bmp,49.54061655633064,0.005159288644790649
img131.bmp,statue.bmp,55.58421109930024,0.003673608104387919
img132.bmp,womanhat.bmp,64.12525460567022,0.0060774485270182295
img133.bmp,lighthouse2.bmp,24.912863617628588,0.0037574817736943564
img134.bmp,buildings.bmp,48.9556445410761,0.01630420486132304
img135.bmp,cemetry.bmp,47.96322103017179,0.011577010154724121
img136.bmp,sailing4.bmp,30.421692883229102,0.0018682926893234253
img137.bmp,building2.bmp,17.750595646159454,0.0017086267471313477
img138.bmp,house.bmp,73.01791251884717,0.007769261797269185
img139.bmp,plane.bmp,64.55945570551016,0.010530422131220499
img140.bmp,woman.bmp,39.758967595843245,0.003264764944712321
img141.bmp,rapids.bmp,56.674484592012575,0.00421576201915741
img142.bmp,churchandcapitol.bmp,30.519428175117486,0.0055897484223047895
img143.bmp,cemetry.bmp,33.84223042572021,0.0040122220913569135
img144.bmp,sailing3.bmp,72.07038503902244,0.007224142551422119
img145.bmp,woman.bmp,22.31027731867567,0.0016120622555414836
img1.bmp,coinsinfountain.bmp,75.69834484894027,0.0056954920291900635
img2.bmp,coinsinfountain.bmp,72.38923371278747,0.005612820386886597
img3.bmp,coinsinfountain.bmp,70.14186312814755,0.005574241280555725
img4.bmp,coinsinfountain.bmp,21.236876374403256,0.00032531221707661945
img5.bmp,coinsinfountain.bmp,13.035300360483568,9.533266226450603e-05
img6.bmp,ocean.bmp,61.918847069988395,0.00164128839969635
img7.bmp,ocean.bmp,51.55241265731182,0.000959386428197225
img8.bmp,ocean.bmp,83.14840637381712,0.002072855830192566
img9.bmp,ocean.bmp,63.12396333336599,0.0014213969310124714
img10.bmp,ocean.bmp,5.932762842632152,0.0008687824010848999
img11.bmp,statue.bmp,72.19553583563231,0.004210273424784343
img12.bmp,statue.bmp,46.15722197754743,0.001161744197209676
img13.bmp,statue.bmp,10.620057478684009,0.0004733254512151082
img14.bmp,statue.bmp,19.717544269834335,0.0004707127809524536
img15.bmp,statue.bmp,10.833354821743226,0.00047460198402404785
img16.bmp,dancers.bmp,65.82497819643346,0.007102794117397732
img17.bmp,dancers.bmp,54.373331274324045,0.004817081822289361
img18.bmp,dancers.bmp,81.0179705378508,0.01905141274134318
img19.bmp,dancers.bmp,41.92217758138109,0.0024286111195882163
img20.bmp,dancers.bmp,22.00058839495432,0.000863598452674018
img21.bmp,paintedhouse.bmp,78.39976353763906,0.007688790559768677
img22.bmp,paintedhouse.bmp,62.589208895964546,0.0019369075695673625
img23.bmp,paintedhouse.bmp,47.03150565208161,0.0019293030103047688
img24.bmp,paintedhouse.bmp,54.39350290165264,0.004045570890108745
img25.bmp,paintedhouse.bmp,13.64960869971246,0.0012716501951217651
img26.bmp,stream.bmp,67.11403306513637,0.007874940832455954
img27.bmp,stream.bmp,10.904306643436376,0.0012597143650054932
img28.bmp,stream.bmp,15.804461414590348,0.0013369917869567871
img29.bmp,stream.bmp,16.145172839516636,0.0013096233208974202
img30.bmp,stream.bmp,7.247282319675263,0.0012470732132593791
img31.bmp,bikes.bmp,99.5865134868696,0.02940376102924347
img32.bmp,bikes.bmp,52.327717808871576,0.0016742050647735596
img33.bmp,bikes.bmp,33.16214637834979,0.0005711217721303304
img34.bmp,bikes.bmp,10.492456034882686,0.0004970729351043701
img35.bmp,bikes.bmp,48.840839515922575,0.002670794725418091
img36.bmp,flowersonih35.bmp,54.765028895706614,0.006595800320307414
img37.bmp,flowersonih35.bmp,95.77409374141651,0.028560335437456768
img38.bmp,flowersonih35.bmp,30.780235338582468,0.0015163024266560872
img39.bmp,flowersonih35.bmp,34.07425249043993,0.0022154698769251504
img40.bmp,flowersonih35.bmp,16.429121525519587,0.001422176758448283
img41.bmp,parrots.bmp,47.90779725297225,0.0022457788387934365
img42.bmp,parrots.bmp,58.41939049817109,0.002972319722175598
img43.bmp,parrots.bmp,7.234500306160264,0.0015310347080230713
img44.bmp,parrots.bmp,20.695027475202703,0.0015767862399419148
img45.bmp,parrots.bmp,3.3916336118871087,0.0015149116516113281
img46.bmp,studentsculpture.bmp,84.35398937606175,0.019787609577178955
img47.bmp,studentsculpture.bmp,99.04090626921534,0.024869094292322796
img48.bmp,studentsculpture.bmp,57.11706071800261,0.006189500292142232
img49.bmp,studentsculpture.bmp,13.315534024440112,0.001042395830154419
img50.bmp,studentsculpture.bmp,14.48061675032668,0.0011819005012512207
img51.bmp,building2.bmp,84.84405450844739,0.027348607778549194
img52.bmp,building2.bmp,102.67047076529366,0.03515597681204478
img53.bmp,building2.bmp,49.21986908481058,0.002038910984992981
img54.bmp,building2.bmp,11.099089191674402,0.000504225492477417
img55.bmp,building2.bmp,16.0834094198751,0.0005199164152145386
img56.bmp,plane.bmp,49.8049500050861,0.002915064493815104
img57.bmp,plane.bmp,76.03556974499287,0.00492971142133077
img58.bmp,plane.bmp,95.95778317943883,0.01578121880690257
img59.bmp,plane.bmp,9.426468350910561,0.0027824342250823975
img60.bmp,plane.bmp,14.523194856047587,0.002784291903177897
img61.bmp,woman.bmp,75.73546444515758,0.006841396292050679
img62.bmp,woman.bmp,73.80284324741564,0.006749083598454793
img63.bmp,woman.bmp,20.51066156621876,0.000617648164431254
img64.bmp,woman.bmp,10.139030733080304,0.0006392846504847208
img65.bmp,woman.bmp,87.90972369286591,0.010267352064450582
img66.bmp,buildings.bmp,59.22040878496258,0.010841012001037598
img67.bmp,buildings.bmp,73.46184832990366,0.02214290698369344
img68.bmp,buildings.bmp,69.5058791325869,0.01545355717341105
img69.bmp,buildings.bmp,89.79611578262838,0.033442084987958275
img70.bmp,buildings.bmp,8.049363347373571,0.0008985797564188639
img71.bmp,house.bmp,97.87628555010909,0.012611558039983114
img72.bmp,house.bmp,22.841368890743226,0.00198441743850708
img73.bmp,house.bmp,36.83680677608689,0.0024716208378473916
img74.bmp,house.bmp,11.021255348207085,0.0019476264715194702
img75.bmp,house.bmp,10.886885674413486,0.0019498566786448162
img76.bmp,rapids.bmp,97.93005426044192,0.01778202752272288
img77.bmp,rapids.bmp,46.613976912731225,0.0008118997017542521
img78.bmp,rapids.bmp,45.771721280740564,0.0007253289222717285
img79.bmp,rapids.bmp,57.0121131162158,0.0007244100173314413
img80.bmp,rapids.bmp,6.827347477667607,0.0004853159189224243
img81.bmp,womanhat.bmp,48.85321204142524,0.0029415488243103027
img82.bmp,womanhat.bmp,41.63170220029613,0.0017885565757751465
img83.bmp,womanhat.bmp,24.486863891147017,0.001597513755162557
img84.bmp,womanhat.bmp,19.021435287056374,0.0017362038294474285
img85.bmp,womanhat.bmp,54.56990823000828,0.002874856193860372
img86.bmp,caps.bmp,90.82715103470836,0.004447733362515767
img87.bmp,caps.bmp,75.4497233129303,0.0027372241020202637
img88.bmp,caps.bmp,59.17259106737625,0.0015619794527689617
img89.bmp,caps.bmp,31.059871906202826,0.0013756255308787029
img90.bmp,caps.bmp,45.10596694497139,0.0013734499613444011
img91.bmp,lighthouse.bmp,55.63083463174906,0.008311832944552103
img92.bmp,lighthouse.bmp,81.44321011813874,0.017814666032791138
img93.bmp,lighthouse.bmp,38.38644793948208,0.0024084200461705527
img94.bmp,lighthouse.bmp,46.66136696626988,0.0024608621994654336
img95.bmp,lighthouse.bmp,58.4995162932027,0.008246496319770813
img96.bmp,sailing1.bmp,96.01007026787255,0.011360853910446167
img97.bmp,sailing1.bmp,71.3583186945212,0.004598155617713928
img98.bmp,sailing1.bmp,20.898734424376453,0.001825585961341858
img99.bmp,sailing1.bmp,60.484039969026014,0.002637570103009542
img100.bmp,sailing1.bmp,64.71622731164517,0.004563480615615845
img101.bmp,carnivaldolls.bmp,60.849733945404864,0.0034430159462822806
img102.bmp,carnivaldolls.bmp,37.96393061413332,0.002335415946112739
img103.bmp,carnivaldolls.bmp,67.64800840348245,0.004820201132032607
img104.bmp,carnivaldolls.bmp,9.516793517983984,0.0021259254879421657
img105.bmp,carnivaldolls.bmp,12.867990241491285,0.0020946992768181693
img106.bmp,lighthouse2.bmp,64.70246714917701,0.008636603752772013
img107.bmp,lighthouse2.bmp,57.32734095341542,0.006172319253285726
img108.bmp,lighthouse2.bmp,55.594120767161606,0.005442892511685689
img109.bmp,lighthouse2.bmp,30.88619354655133,0.0032720466454823813
img110.bmp,lighthouse2.bmp,9.347556490035204,0.0027766277392705283
img111.bmp,sailing2.bmp,54.352983111695345,0.004085207978884379
img112.bmp,sailing2.bmp,70.07786306570196,0.008445238073666891
img113.bmp,sailing2.bmp,54.5241692380685,0.004078601797421773
img114.bmp,sailing2.bmp,33.72183274128712,0.002869571248690287
img115.bmp,sailing2.bmp,29.19069591137785,0.0028224786122639975
img116.bmp,cemetry.bmp,101.10825291523571,0.032277628779411316
img117.bmp,cemetry.bmp,78.21645963703683,0.02297910551230113
img118.bmp,cemetry.bmp,60.848636217073604,0.00882736345132192
img119.bmp,cemetry.bmp,8.316406055870281,0.0009275972843170166
img120.bmp,cemetry.bmp,86.77278366007694,0.029574846227963764
img121.bmp,manfishing.bmp,60.25001556155525,0.004486660162607829
img122.bmp,manfishing.bmp,68.1452285836704,0.005362972617149353
img123.bmp,manfishing.bmp,41.42084650246674,0.002456292510032654
img124.bmp,manfishing.bmp,15.137590014892428,0.0023088852564493814
img125.bmp,manfishing.bmp,7.880271887900541,0.0021825234095255532
img126.bmp,sailing3.bmp,72.89473698628494,0.005902429421742757
img127.bmp,sailing3.bmp,21.24627124932043,0.0018538584311803181
img128.bmp,sailing3.bmp,21.11139930138125,0.0017540156841278076
img129.bmp,sailing3.bmp,8.934551287688677,0.0015835364659627278
img130.bmp,sailing3.bmp,9.347234220443331,0.0015883396069208782
img131.bmp,churchandcapitol.bmp,104.70492246757584,0.0350100447734197
img132.bmp,churchandcapitol.bmp,101.31922333167549,0.03630409141381582
img133.bmp,churchandcapitol.bmp,15.035606526045699,0.001195246974627177
img134.bmp,churchandcapitol.bmp,17.1034743529604,0.001164575417836507
img135.bmp,churchandcapitol.bmp,38.976724838748005,0.0018904854853947957
img136.bmp,monarch.bmp,65.49515916274478,0.009325737754503885
img137.bmp,monarch.bmp,48.7925835867167,0.0034371415774027505
img138.bmp,monarch.bmp,27.26553349940608,0.0012120107809702556
img139.bmp,monarch.bmp,7.027264242310557,0.0009231319030125936
img140.bmp,monarch.bmp,9.283473183604274,0.0009217907985051473
img141.bmp,sailing4.bmp,71.64224760757007,0.0041440874338150024
img142.bmp,sailing4.bmp,53.05297800439078,0.0012831042210261028
img143.bmp,sailing4.bmp,35.233143723927924,0.001224428415298462
img144.bmp,sailing4.bmp,56.34115606262271,0.0018846144278844197
img145.bmp,sailing4.bmp,34.05021940048932,0.0011915862560272217
